0.000000000000000000e+00 0.000000000000000000e+00 0.000000000000000000e+00 0.000000000000000000e+00 0.000000000000000000e+00 0.000000000000000000e+00
-3.952233482726300373e+00 -2.460094098965567522e+00 -3.078230201239431363e+00 -3.858777011570976079e+00 -1.644556799999999264e+00 -1.132121787124175860e+01
-1.314717478484763724e-01 1.031644146051683197e+00 2.426753977781306582e-01 -1.317541137887747738e-01 3.192000000000001059e+00 -1.231616823136264927e+01
-3.200377934649599965e+00 -1.646405246045485216e+00 -2.865723027244658994e+00 -3.479966642880000016e+00 -8.056959999999990796e-01 -1.070358847454181195e+01
-4.545743887515027559e+00 -4.756455460821583436e+00 -4.770926319525361059e+00 -4.715698219805916303e+00 -1.363137109200470043e+01 -1.260042098463669014e+01
0.000000000000000000e+00 0.000000000000000000e+00 0.000000000000000000e+00 0.000000000000000000e+00 0.000000000000000000e+00 0.000000000000000000e+00
-4.700862136882276054e+00 -4.694344457672656290e+00 -4.666675358115326411e+00 -4.688077598533678447e+00 -1.330748588439072044e+01 -1.304933807778116872e+01
-4.545296621058010800e+00 -4.549024236661293408e+00 -4.113813092434822849e+00 -4.539136750930525821e+00 -1.225785198758400085e+01 -1.225756129109760018e+01
-1.644885028149597250e+00 -3.961083357123391657e+00 -3.880341918584099048e+00 -4.000666229628313530e+00 -1.277663421714393621e+01 -1.306226313098890479e+01
-3.625707320909232756e+00 -4.180523872602865509e+00 -4.199582120060485479e+00 -4.314599570092988223e+00 -1.308454873654703832e+01 -1.216794271219199963e+01
0.000000000000000000e+00 0.000000000000000000e+00 0.000000000000000000e+00 0.000000000000000000e+00 0.000000000000000000e+00 0.000000000000000000e+00
-3.282099215063633668e+00 -4.368214543322149979e+00 -4.348275985679878275e+00 -4.342562106794954246e+00 -1.316136758858609745e+01 -1.335836566369568601e+01
-4.204606414317226815e+00 -4.570796321929146089e+00 -4.621976681363316075e+00 -4.567481296832804460e+00 -1.301752965881373747e+01 -1.291935936842035204e+01
-4.317350492997558575e+00 -4.391426442173798073e+00 -4.320601866143150893e+00 -4.414052609451803555e+00 -1.323914801851467793e+01 -1.219838610494949194e+01
-4.750625451534257415e+00 -4.712159679016310498e+00 -4.284059928582516719e+00 -4.709761345605850025e+00 -1.218194436096000111e+01 -1.341886641165958416e+01
0.000000000000000000e+00 0.000000000000000000e+00 0.000000000000000000e+00 0.000000000000000000e+00 0.000000000000000000e+00 0.000000000000000000e+00
1.099999880120105900e+01 1.341000000000000014e+01 5.163535802088257576e+00 1.499849999999999817e+01 0.000000000000000000e+00 2.000000000000000000e+01
-8.056959999999990796e-01 -3.296677318276896695e+00 -3.478722958738620807e+00 -1.807682678148142097e+00 -1.066705330964714094e+01 -2.328200305408959725e+00
5.240000000000001101e+00 -2.762893465920000402e+00 9.405154504074559885e-01 2.598860880000001483e+00 -5.839920000003491651e+00 1.154504488607825063e+00
2.428800000000010950e-01 -1.039756478399999295e+00 -3.163564746720000098e+00 -3.151794456000000633e+00 -9.825023951999998673e+00 -2.364069974060453827e+00
0.000000000000000000e+00 0.000000000000000000e+00 0.000000000000000000e+00 0.000000000000000000e+00 0.000000000000000000e+00 0.000000000000000000e+00
-3.865123836869895690e+00 -3.977929570672512405e+00 -3.985417683601113925e+00 -2.317144421640355834e+00 -1.125612000000000101e+01 -1.248396598827391024e+01
-1.085167557036973651e+00 -3.574530125752320764e+00 -3.513333228768000360e+00 1.553599940873437335e+00 -1.257332029734364909e+01 -1.230897341364459940e+01
-3.738833719786368359e+00 -3.541147314609600638e+00 -3.743637726821761103e+00 -1.705128426247224160e+00 -1.178133189120000068e+01 -1.231980885388800040e+01
-4.340472818951765177e+00 -4.777021116121284550e+00 -4.773671110643240567e+00 -4.756389209632369663e+00 -1.336714723793286197e+01 -1.318512693339811293e+01
0.000000000000000000e+00 0.000000000000000000e+00 0.000000000000000000e+00 0.000000000000000000e+00 0.000000000000000000e+00 0.000000000000000000e+00
-4.349575585467796657e+00 -4.696979470719020888e+00 -4.703524321726691326e+00 -4.676549552389737130e+00 -1.365464383375167046e+01 -1.328498327049035233e+01
-3.646854252232098581e+00 -4.546344172017574792e+00 -4.509421443663645057e+00 -4.545080973337695340e+00 -1.313011021828725688e+01 -1.245042108354240007e+01
-4.029887909511615796e+00 -4.002608832258713889e+00 -4.025025510538762674e+00 -4.038956134715048663e+00 -1.267930873366307054e+01 -1.280900356376173121e+01
-4.353230271442169119e+00 -4.430663776519985220e+00 -4.343952160162626974e+00 -3.918683733400524893e+00 -9.000000000000000000e+00 -1.339682512492908018e+01
0.000000000000000000e+00 0.000000000000000000e+00 0.000000000000000000e+00 0.000000000000000000e+00 0.000000000000000000e+00 0.000000000000000000e+00
-4.455902221110155104e+00 -4.460331791535681489e+00 -4.462417727840115589e+00 -3.713782644318025739e+00 -1.141681044887999974e+01 -1.333779906892056388e+01
-3.933923985173145343e+00 -4.560043973689262842e+00 -4.567637165250553188e+00 -4.574411939970580931e+00 -1.356067309292931178e+01 -1.326128175607318305e+01
-3.289306624301722159e+00 -4.466333606110207910e+00 -4.481487640394865579e+00 -4.394143740540545906e+00 -1.308106438805472216e+01 -1.305141104764386561e+01
-3.915817583135149160e+00 -4.675909852318562265e+00 -4.692299826438448562e+00 -4.652418188184316072e+00 -1.361455792593735836e+01 -1.276822197173929041e+01
0.000000000000000000e+00 0.000000000000000000e+00 0.000000000000000000e+00 0.000000000000000000e+00 0.000000000000000000e+00 0.000000000000000000e+00
7.798953875145017811e+00 -9.899999999999999911e-01 -9.000000000000000222e-01 0.000000000000000000e+00 -9.900000000000000355e+00 -5.136204957235198876e+00
-1.966580179504968662e-01 -3.466171415520000743e+00 -3.501091326096000600e+00 -3.319147866254400725e+00 -9.900000000000000355e+00 -9.900000000000000355e+00
-2.426463036000000351e+00 -2.740842000000000667e+00 6.072132067522324483e-01 3.120182267604477921e+00 -1.181636784000000162e+01 -8.387078057247766338e+00
-2.886828842159999908e+00 -3.146300784000000128e+00 -3.151329663600000774e+00 -2.864632226400000370e+00 -1.063799999999999990e+01 -1.168535520000000005e+01
0.000000000000000000e+00 0.000000000000000000e+00 0.000000000000000000e+00 0.000000000000000000e+00 0.000000000000000000e+00 0.000000000000000000e+00
-4.154867994799822384e+00 -4.557998155249077143e+00 -4.554809243024608101e+00 -4.557840679034722342e+00 -1.325566412047480469e+01 -1.280355601894963335e+01
-2.852516354149746913e+00 -4.359694132498690422e+00 -4.373622452722583986e+00 -4.332433850901197481e+00 -1.244673244008605018e+01 -1.287523417801928716e+01
-3.909533696876544173e+00 -4.365088835627086716e+00 -4.410657018651832573e+00 -4.438137590831155777e+00 -1.282130397829986634e+01 -9.000000000000000000e+00
-4.353989964144404645e+00 -4.333459315756653218e+00 -2.852521966479654392e+00 -4.362323568197645329e+00 -1.282480259257578226e+01 -1.288346177913418167e+01
0.000000000000000000e+00 0.000000000000000000e+00 0.000000000000000000e+00 0.000000000000000000e+00 0.000000000000000000e+00 0.000000000000000000e+00
-4.361136066697341995e+00 -4.262014873441231089e+00 -2.855444991713919300e+00 -4.229833850810840623e+00 -1.282020189506122065e+01 -1.213836791040000129e+01
-3.798416791043064844e+00 -3.081966644809291278e+00 -8.056959999999990796e-01 -3.553072051710556956e+00 -1.179635630976000016e+01 -1.173576890016000007e+01
-2.854348675387746948e+00 -4.462237191025343108e+00 -4.470213892853028170e+00 -4.460781315896002575e+00 -1.301933441108002931e+01 -1.346985779459818389e+01
-4.120395440833128475e+00 -4.461057551238883256e+00 -4.420813593422344923e+00 -4.366868968957500208e+00 -1.226462968230767991e+01 -1.271299784549040091e+01
0.000000000000000000e+00 0.000000000000000000e+00 0.000000000000000000e+00 0.000000000000000000e+00 0.000000000000000000e+00 0.000000000000000000e+00
-3.908956572992125622e+00 -4.622340969273056821e+00 -4.645027457440205509e+00 -4.667742472025614653e+00 -1.248512261669280043e+01 -1.341727310245562421e+01
-3.706497200888688948e+00 -4.454053467482863127e+00 -4.466526169687847769e+00 -4.463031256037752748e+00 -1.261152261770872407e+01 -9.000000000000000000e+00
-4.136762361036264934e+00 -4.186582842777878177e+00 -4.119173555234461936e+00 -4.219663385019483570e+00 -1.221834589097840684e+01 -1.324115154546120721e+01
-4.518197578814462823e+00 -4.568766982419050215e+00 -3.634640226574267441e+00 -4.568342573077831759e+00 -1.343714356175313185e+01 -1.280719613156774450e+01
0.000000000000000000e+00 0.000000000000000000e+00 0.000000000000000000e+00 0.000000000000000000e+00 0.000000000000000000e+00 0.000000000000000000e+00
1.548789662806582923e+00 -3.513333228768000360e+00 -3.312487069286400576e+00 -3.460216883184000558e+00 -1.170299376000000002e+01 -1.076759999999999984e+01
-1.638000000000000345e+00 -1.711800000000000210e+00 1.097612304508120395e+01 -1.638000000000000345e+00 -1.070279999999999987e+01 -9.000000000000000000e+00
1.139877530657384952e-02 -3.222780904800000013e+00 -3.216951446399999526e+00 -2.871580287599999615e+00 -1.222575232622400065e+01 -1.226576398371839893e+01
2.045085472634196044e+00 -3.146300784000000128e+00 -2.861772480000000396e+00 -2.745442800000000627e+00 -9.000000000000000000e+00 -1.205920176480000094e+01
0.000000000000000000e+00 0.000000000000000000e+00 0.000000000000000000e+00 0.000000000000000000e+00 0.000000000000000000e+00 0.000000000000000000e+00
-4.314273900617007662e+00 -4.554738046312326816e+00 -4.540821031483710968e+00 -4.554331316580220168e+00 -1.329270631397962177e+01 -1.306794718537106448e+01
-4.410556891804823465e+00 -4.365154590051780303e+00 -4.366516863030621032e+00 -3.282015716057305355e+00 -1.299802903343466021e+01 -1.311978320310380042e+01
-4.120434387459315673e+00 -4.460781315896002575e+00 -4.455524724201903375e+00 -4.442835701949926275e+00 -1.316553648898689133e+01 -1.238830207097702463e+01
-4.329984989379119575e+00 -4.272054997013388089e+00 -2.315645440050844606e+00 -4.235601406963229287e+00 -1.314641275939096587e+01 -1.326837674952619039e+01
0.000000000000000000e+00 0.000000000000000000e+00 0.000000000000000000e+00 0.000000000000000000e+00 0.000000000000000000e+00 0.000000000000000000e+00
-3.368785802149024455e+00 -4.005426819477172273e+00 -2.315645439999999500e+00 -4.045717608628439876e+00 -1.254482724201984034e+01 -1.300222136509053428e+01
-3.360231713280189325e+00 -1.084734940440531759e+00 2.428800000000010950e-01 -1.834718321089523041e+00 -1.077407999999999966e+01 -1.079733599999999960e+01
-3.437754256666995190e+00 -4.481212636697687657e+00 -4.552426590815048080e+00 -4.526844954506397123e+00 -1.298508322179860563e+01 -1.319875819356840196e+01
-4.461747131837536351e+00 -4.419608133439411723e+00 -4.462453489076231961e+00 -4.462619159030919214e+00 -1.181958435071999958e+01 -1.334249193069336137e+01
0.000000000000000000e+00 0.000000000000000000e+00 0.000000000000000000e+00 0.000000000000000000e+00 0.000000000000000000e+00 0.000000000000000000e+00
-4.629737848455767413e+00 -4.631689213514505354e+00 -4.643766650124049100e+00 -4.648653739997785195e+00 -1.248096239812799979e+01 -1.335356469570439231e+01
-3.282632133434770783e+00 -4.393081394218491198e+00 -4.474330166458180713e+00 -4.390572693525928827e+00 -1.227259157376384024e+01 -1.263450539851816323e+01
-2.315664717187674082e+00 -4.045856945904078295e+00 -4.055127306131727671e+00 -4.171798030264805668e+00 -1.293516642533019123e+01 -1.222445071643040038e+01
-3.282043599968552439e+00 -4.568762355000894892e+00 -4.559491141860942953e+00 -4.576790467988937294e+00 -1.316264916141896890e+01 -1.318941315496798339e+01
0.000000000000000000e+00 0.000000000000000000e+00 0.000000000000000000e+00 0.000000000000000000e+00 0.000000000000000000e+00 0.000000000000000000e+00
-1.527223160801254309e-01 -3.731518346201280423e+00 -3.753972096798528391e+00 -3.570757093840320362e+00 -1.207016150399999965e+01 -1.213935229440000008e+01
-9.000000000000000222e-01 -9.000000000000000222e-01 1.499999999980390619e+01 -9.000000000000000222e-01 0.000000000000000000e+00 1.799985881203201243e+00
2.428800000000010950e-01 -3.253803827040000041e+00 -3.742690125330720541e+00 -3.269787048230400117e+00 -9.825476695202484123e+00 -9.806438304000002049e+00
5.080788658360599896e+00 -2.871375120000000614e+00 -2.864295216000000366e+00 -3.148127390160000427e+00 -1.125612000000000101e+01 -1.193434248787200147e+01
0.000000000000000000e+00 0.000000000000000000e+00 0.000000000000000000e+00 0.000000000000000000e+00 0.000000000000000000e+00 0.000000000000000000e+00
-4.487534702110025364e+00 -4.582009763282772319e+00 -4.623089468221223797e+00 -4.551272003791246412e+00 -1.113249600000000150e+01 -1.107936000000000121e+01
-4.451851956093309859e+00 -4.484801535749508794e+00 -4.484959035664375371e+00 -3.635167432891968087e+00 -1.329611579915618691e+01 -1.265889161451466016e+01
-4.489969523955924302e+00 -4.471128449596090348e+00 -4.556950015791667141e+00 -4.543921996600358781e+00 -1.117915200000000020e+01 -1.250040337401600077e+01
-2.985391555168947608e+00 -4.085349965600180155e+00 -4.016023466311929191e+00 -2.865494260818731931e+00 -1.644556799999999264e+00 -1.292816283309875480e+01
0.000000000000000000e+00 0.000000000000000000e+00 0.000000000000000000e+00 0.000000000000000000e+00 0.000000000000000000e+00 0.000000000000000000e+00
-4.004327575187768495e+00 -2.491770901171038055e+00 -4.083498745834909904e+00 -2.972486293919615719e+00 -1.644556799999999264e+00 -1.146759679373209373e+01
-3.446577882288000438e+00 -3.299732617780799959e+00 -3.239087308572095925e+00 -1.044765599169773296e+00 1.553600000000001202e+00 -9.102422248320330311e+00
-3.796249271857484509e+00 -4.576637337511932024e+00 -4.550157440022769784e+00 -4.572328765307674736e+00 -1.324548999082913348e+01 -1.285771012735771457e+01
-4.447043884429255023e+00 -4.472999026724032490e+00 -4.558945976608845818e+00 -4.483961789120278318e+00 -1.293580548764546378e+01 -1.313846931594163792e+01
0.000000000000000000e+00 0.000000000000000000e+00 0.000000000000000000e+00 0.000000000000000000e+00 0.000000000000000000e+00 0.000000000000000000e+00
-4.340488671696341783e+00 -4.707529800437264100e+00 -4.744798395573552874e+00 -4.692504391986683565e+00 -1.239307363526400074e+01 -1.297648140695013375e+01
-3.647336590326194283e+00 -4.486607649165139655e+00 -4.487287285962689332e+00 -4.392997599936191655e+00 -1.286215988025882062e+01 -1.282039656778798786e+01
-4.218625446881362429e+00 -4.233286820170371278e+00 -4.220312356587188063e+00 -2.988814862035964914e+00 -1.194129272243115736e+01 -1.251531748942527678e+01
-3.625700017736671388e+00 -4.569408535426540574e+00 -4.557980773124635121e+00 -4.582845286379552796e+00 -1.226640995823600022e+01 -1.303410107998199763e+01
0.000000000000000000e+00 0.000000000000000000e+00 0.000000000000000000e+00 0.000000000000000000e+00 0.000000000000000000e+00 0.000000000000000000e+00
-8.056959999999990796e-01 -3.807359583613056042e+00 -1.883574648825293796e+00 -3.825934727918310685e+00 -1.066376196985210711e+01 -4.168186655938369789e+00
1.088100000000000023e+01 1.499999826600000041e+01 1.499984971055999949e+01 1.086321600000000132e+01 5.999999939984015818e+00 2.000000000000000000e+01
-1.342593306605184722e+00 -1.667742993788203787e+00 -3.615661775003581546e+00 -8.056959999999990796e-01 -1.278825573367101498e+01 -3.620625782805021231e+00
3.192000000000001059e+00 1.107232243200001243e+00 -2.724513120000000121e+00 1.443152361232800551e+00 -7.865712310808813612e+00 5.034502852059974387e-03
0.000000000000000000e+00 0.000000000000000000e+00 0.000000000000000000e+00 0.000000000000000000e+00 0.000000000000000000e+00 0.000000000000000000e+00
-3.290212693202517524e+00 -2.315645439999999500e+00 -3.287024727018067694e+00 -3.867359263706633854e+00 -1.186160725048800302e+01 -1.191091614320331260e+01
-3.468489268990464502e+00 1.553600000000001202e+00 -3.552561047116800097e+00 -1.457447097987345508e-01 -9.100692663700158391e+00 -1.215984859200000123e+01
-2.969157438087273171e+00 -1.644556799999999264e+00 -3.541986010867680168e+00 -2.435807688168035945e+00 -1.135749653941120840e+01 -1.107936000000000121e+01
-4.670681702566143123e+00 -4.716214006227814615e+00 -4.319025355227515739e+00 -4.712728147460885531e+00 -1.118484000000000123e+01 -1.131707415600000033e+01
0.000000000000000000e+00 0.000000000000000000e+00 0.000000000000000000e+00 0.000000000000000000e+00 0.000000000000000000e+00 0.000000000000000000e+00
-4.296332128277894569e+00 -4.701278832182985035e+00 -4.664962856891619047e+00 -4.698893201747851300e+00 -1.330145801980931708e+01 -1.349422510041010881e+01
-3.661071374874259376e+00 -4.529439042231618195e+00 -4.467321004908620274e+00 -4.487362314993792900e+00 -9.900000000000000355e+00 -1.233960990133219227e+01
-8.056960324494319980e-01 -2.538436546150613538e+00 -4.002087864919070093e+00 -3.884273284898569045e+00 -1.282136709749659786e+01 -1.209050366976000035e+01
-3.282013081600842597e+00 -4.142629027710829526e+00 -4.195769158729666160e+00 -4.083025601376730762e+00 -1.253886460303104045e+01 -1.118446560000000112e+01
0.000000000000000000e+00 0.000000000000000000e+00 0.000000000000000000e+00 0.000000000000000000e+00 0.000000000000000000e+00 0.000000000000000000e+00
-2.852516399626536359e+00 -4.399586753105541703e+00 -4.427512672784951420e+00 -4.373193627388244131e+00 -1.234813504190365485e+01 -1.277928826072092505e+01
-3.906195346361341247e+00 -4.482787363767113398e+00 -4.499835323235071627e+00 -4.565314044265666560e+00 -1.277414727823526341e+01 -1.107936000000000121e+01
-4.350054043276299964e+00 -4.365876521251180087e+00 -4.403550956343342371e+00 -4.318395715398195556e+00 -1.273749327486950556e+01 -1.137238415999999930e+01
-3.980027710993979895e+00 -4.698194290953484398e+00 -4.697291974390786606e+00 -4.705537579243395996e+00 -1.335529364665585206e+01 -1.336079203021488837e+01
0.000000000000000000e+00 0.000000000000000000e+00 0.000000000000000000e+00 0.000000000000000000e+00 0.000000000000000000e+00 0.000000000000000000e+00
7.799904233951525434e+00 1.500000000000000000e+01 7.799998988723221061e+00 1.099841358574642314e+01 1.998898343747575579e+00 1.999872971966692781e+00
2.428800000000010950e-01 -1.763535410755199262e+00 -3.148047072000000668e+00 -1.039756545815101241e+00 -9.990000000000000213e+00 -1.003019336639999892e+01
7.800000000000000711e+00 2.630746413742190093e+00 2.638107234852154370e+00 5.165168400000000659e+00 -3.760005240011238925e+00 -3.767670539823073650e+00
1.553600000000001202e+00 -1.004035302366292459e+00 1.502415203958355816e+00 2.120817656888154268e-01 -1.136212559999999883e+01 -9.017760059999998745e+00
0.000000000000000000e+00 0.000000000000000000e+00 0.000000000000000000e+00 0.000000000000000000e+00 0.000000000000000000e+00 0.000000000000000000e+00
-3.649298798887165685e+00 -3.978397897732325106e+00 -4.005595942493750172e+00 -2.852516351999999422e+00 -1.276866887842633069e+01 -1.300214051108745572e+01
-1.685822446506069605e+00 2.009745356075801070e-01 -8.490526446621029510e-01 2.428800000000010950e-01 -1.022925228607671855e+01 -9.810851803240028701e+00
-3.327528928102718719e+00 -3.753325790602200840e+00 -3.804586910198888283e+00 -2.315645439999999500e+00 -1.256078048753376208e+01 -1.226282594822928118e+01
-4.120411950223438424e+00 -4.712894332575253031e+00 -4.721022681566998003e+00 -4.690068043660872377e+00 -1.216721127369600097e+01 -1.308582352811020755e+01
0.000000000000000000e+00 0.000000000000000000e+00 0.000000000000000000e+00 0.000000000000000000e+00 0.000000000000000000e+00 0.000000000000000000e+00
-4.120736643596237592e+00 -4.676125576176706211e+00 -4.629764337341559788e+00 -4.626334881530974386e+00 -1.325420247295227227e+01 -1.358202214270645491e+01
-3.282030961655559409e+00 -4.422365769136382241e+00 -4.463611639152204269e+00 -4.436211836028720157e+00 -1.255776516830407630e+01 -1.259314061645767602e+01
-4.083617590907083539e+00 -4.007372012843323894e+00 -4.043780595023166669e+00 -1.666711084094412598e+00 -1.299140926031946464e+01 -1.246293191810880074e+01
-4.200820106844602719e+00 -4.319291051200665699e+00 -4.202524558559303181e+00 -3.625673749229032516e+00 -1.301064544521610244e+01 -1.278381564989619967e+01
0.000000000000000000e+00 0.000000000000000000e+00 0.000000000000000000e+00 0.000000000000000000e+00 0.000000000000000000e+00 0.000000000000000000e+00
-4.390995219600140942e+00 -4.537362223992047028e+00 -4.447289167956953726e+00 -4.374397842831463379e+00 -1.314893149005698270e+01 -1.263180248089885538e+01
-3.625990828801681332e+00 -4.398048853532297464e+00 -4.460932173491371167e+00 -4.459135831726649180e+00 -1.333743036442170826e+01 -1.346130700332120611e+01
-2.852516360126317263e+00 -4.340474639437204907e+00 -4.345399647523642273e+00 -4.329392661559167799e+00 -1.317730226192264809e+01 -1.303674969862630917e+01
-3.625710648439907313e+00 -4.671583867370953769e+00 -4.648599130748717556e+00 -4.640657523307083920e+00 -1.362804037312702654e+01 -1.357883255154107793e+01
0.000000000000000000e+00 0.000000000000000000e+00 0.000000000000000000e+00 0.000000000000000000e+00 0.000000000000000000e+00 0.000000000000000000e+00
5.233057199985597485e+00 3.862895042764801001e+00 -1.638000000000000345e+00 1.100000000000000000e+01 -1.200780000000000403e+00 -1.063799999999999990e+01
1.552322671137352561e+00 -3.229948719345600239e+00 -3.147976782000000640e+00 -3.104715960000000496e+00 -1.054800000000000004e+01 -1.210327567200000054e+01
-2.356253481600000477e+00 -2.784323520000000496e+00 -2.243160000000000487e+00 5.239296782618355408e+00 -9.000000000000000000e+00 -1.134943200000000019e+01
3.191994390016138716e+00 -2.880824857919999982e+00 -2.739391200000000470e+00 -3.117687655103999589e+00 -7.813735188380821484e+00 -1.133395200000000003e+01
0.000000000000000000e+00 0.000000000000000000e+00 0.000000000000000000e+00 0.000000000000000000e+00 0.000000000000000000e+00 0.000000000000000000e+00
-3.900488372261585734e+00 -4.460778928760628759e+00 -4.347524123368586402e+00 -4.350982962033647539e+00 -1.314397184524681883e+01 -1.078056000000000125e+01
-2.315645440000019484e+00 -3.583209161371720075e+00 -4.330364431834736294e+00 -4.339218213141888825e+00 -1.328266937781124923e+01 -1.284946260379802574e+01
-3.625610465280095340e+00 -4.314465815865255571e+00 -4.252497366263873424e+00 -4.312759843320198350e+00 -1.295832590442974563e+01 -1.107936000000000121e+01
-4.487109783151609577e+00 -3.297855592557268789e+00 -4.451250450627146193e+00 -4.485438508842267247e+00 -1.334349164968536350e+01 -1.328331615029948942e+01
0.000000000000000000e+00 0.000000000000000000e+00 0.000000000000000000e+00 0.000000000000000000e+00 0.000000000000000000e+00 0.000000000000000000e+00
-4.381402876735577934e+00 -4.343925366394912224e+00 -3.291784244455840724e+00 -4.348743725381567948e+00 -1.282059096365908246e+01 -1.256407676386606198e+01
-4.204257919905031393e+00 -1.644556799999999264e+00 -3.831364627893447228e+00 -4.023594459121976108e+00 -1.222177801546080111e+01 -1.278423932977339916e+01
-2.315645440334773042e+00 -3.502759610837374638e+00 -4.335827504360197260e+00 -4.341275608298435174e+00 -9.000000000000000000e+00 -1.187481169670400050e+01
-3.900488458893895505e+00 -4.341807739444408121e+00 -4.248182801666936292e+00 -4.355327213855440860e+00 -1.285924542404313620e+01 -1.245791311035747917e+01
0.000000000000000000e+00 0.000000000000000000e+00 0.000000000000000000e+00 0.000000000000000000e+00 0.000000000000000000e+00 0.000000000000000000e+00
-3.625700796395065151e+00 -4.666461603590231988e+00 -4.607698535160087872e+00 -4.560359282899327127e+00 -1.325122288624041822e+01 -1.330643875052475344e+01
-3.282120806354617226e+00 -4.365194703492621287e+00 -4.362636193630615722e+00 -4.471235084953416816e+00 -1.256499672684768143e+01 -9.000000000000000000e+00
-2.315645604910991029e+00 -4.127408650797927514e+00 -3.991889108240837647e+00 -4.046525581715933129e+00 -1.314470377644375887e+01 -1.210905566243999942e+01
-4.487178532046039336e+00 -4.474981372665568280e+00 -3.282622960403620560e+00 -4.558398832576817661e+00 -1.262832082112689847e+01 -1.354450171118709889e+01
0.000000000000000000e+00 0.000000000000000000e+00 0.000000000000000000e+00 0.000000000000000000e+00 0.000000000000000000e+00 0.000000000000000000e+00
3.192000000000001059e+00 1.353146569445468073e-01 -1.304877646486786169e-01 -3.191784609600000433e+00 -9.990000000000000213e+00 -9.000000000000000000e+00
2.694492000000001219e+00 7.362711066240001045e+00 7.800000000000000711e+00 4.626000000000001222e+00 -4.438799999999998747e+00 -3.828879000000052990e+00
3.192000000000001059e+00 -3.253516257599999850e+00 -2.694121200000000549e+00 1.549146987674004050e+00 -7.885994268093979187e+00 -7.890056365289758844e+00
5.232440692221831391e+00 -2.744040456000000461e+00 -2.786065920000000418e+00 -2.794472863200000212e+00 -9.000000000000000000e+00 -1.061992799999999981e+01
0.000000000000000000e+00 0.000000000000000000e+00 0.000000000000000000e+00 0.000000000000000000e+00 0.000000000000000000e+00 0.000000000000000000e+00
-4.451034949898502013e+00 -4.432106467708864628e+00 -4.462097494999253122e+00 -4.120391800953624006e+00 -1.271908208249395145e+01 -1.136903256000000084e+01
-3.000535049533190168e+00 -4.368062533508374479e+00 -4.443801362960936530e+00 -4.348239720129745578e+00 -1.184395314016080114e+01 -1.301067844591094236e+01
-4.354972234917660501e+00 -4.450341060174196173e+00 -4.445551471466722582e+00 -3.900488777511705862e+00 -1.319196703185053288e+01 -1.269906317614080038e+01
-4.465487983260167937e+00 -2.867511599244993992e+00 -4.352720959147230673e+00 -4.347553736423245496e+00 -1.282062885813544817e+01 -1.310615736667300446e+01
0.000000000000000000e+00 0.000000000000000000e+00 0.000000000000000000e+00 0.000000000000000000e+00 0.000000000000000000e+00 0.000000000000000000e+00
-4.290731942208147132e+00 -2.852516351999999422e+00 -2.986619898253695560e+00 -4.207434390908334265e+00 -1.277017638968234969e+01 -1.232511869877509270e+01
-3.664783997605403076e+00 -1.085872712583563438e+00 -3.663877279179742708e+00 -3.982920165609816099e+00 -1.218509668977604221e+01 -1.126654034399999915e+01
-4.414205573511401859e+00 -4.391389007630403185e+00 -4.445416541566501678e+00 -2.857551351103851278e+00 -1.248140200401020650e+01 -1.281034822629117187e+01
-4.156155525019403996e+00 -4.498837773849245103e+00 -4.335745101983378369e+00 -4.360707328468253152e+00 -1.290562757200874344e+01 -1.320845693505566665e+01
0.000000000000000000e+00 0.000000000000000000e+00 0.000000000000000000e+00 0.000000000000000000e+00 0.000000000000000000e+00 0.000000000000000000e+00
-3.900488403905454149e+00 -4.631490206159273981e+00 -4.583063364199517764e+00 -4.597795448117825146e+00 -1.358824982166473916e+01 -1.317960963950545761e+01
-2.852516535996683089e+00 -4.344223202384308813e+00 -4.255334966731317614e+00 -4.446239516673078818e+00 -1.335243441131719244e+01 -1.323613954978304719e+01
-1.644556800000376295e+00 -4.025220057971500509e+00 -4.025679959117388407e+00 -4.026114295831789036e+00 -1.278462997296343673e+01 -1.279670448906246349e+01
-2.852516352019644152e+00 -4.462422434925954917e+00 -4.419764817792640521e+00 -4.465944602212712056e+00 -1.250462005470720150e+01 -1.332133933143403759e+01
0.000000000000000000e+00 0.000000000000000000e+00 0.000000000000000000e+00 0.000000000000000000e+00 0.000000000000000000e+00 0.000000000000000000e+00
-3.200480186380380232e+00 -3.319823893824000560e+00 -1.435220980436029858e+00 1.553600000000001202e+00 -9.990000000000000213e+00 -1.169731317600000153e+01
4.616999992299179567e+00 1.099988004211397197e+01 1.100000000000000000e+01 -1.638000000000000345e+00 -1.207805983035724173e+00 -1.278001027598949513e+00
-3.289220141876862513e+00 -3.482480344838400299e+00 -3.597590398067850526e+00 1.553600000000001202e+00 -8.759548799999999247e+00 -9.000000000000000000e+00
7.799998910868972679e+00 -3.260067818515200333e+00 -2.420570520000000503e+00 -2.361490560000000016e+00 -4.548402223401598832e+00 -1.061280000000000001e+01
0.000000000000000000e+00 0.000000000000000000e+00 0.000000000000000000e+00 0.000000000000000000e+00 0.000000000000000000e+00 0.000000000000000000e+00
-4.297301258903825527e+00 -4.456027285957679496e+00 -4.453713763226069489e+00 -4.537120086906469396e+00 -1.246587316123898859e+01 -1.294312785013089950e+01
-3.282048521673651020e+00 -4.485766965900613634e+00 -4.457123283841496253e+00 -4.458807102905339548e+00 -1.269521933267034797e+01 -1.130990400000000129e+01
-4.465179831540239341e+00 -4.451908246128216895e+00 -4.458092268122416435e+00 -4.174201405128147080e+00 -1.313800625944533707e+01 -1.319993581102343150e+01
-4.211865802675485604e+00 -2.315645439999999500e+00 -2.991136385414105980e+00 -4.358087706902161074e+00 -1.195406237627473622e+01 -1.180937629080000129e+01
0.000000000000000000e+00 0.000000000000000000e+00 0.000000000000000000e+00 0.000000000000000000e+00 0.000000000000000000e+00 0.000000000000000000e+00
-4.308525862397298845e+00 -2.315645617823070435e+00 -4.186274384795860115e+00 -4.203530148470448147e+00 -1.291328105344349098e+01 -1.315296034427110961e+01
-3.870833634414908353e+00 2.428800000000007342e-01 -3.583330708623840621e+00 -3.503838921903360326e+00 -1.007536510746347247e+01 -1.261847741966288794e+01
-3.282126574969887134e+00 -4.464107120160830888e+00 -4.465776969804079677e+00 -4.462060930222826016e+00 -1.326254481348963843e+01 -1.328077020084848314e+01
-4.297311018479377687e+00 -4.545470905299367814e+00 -4.455409494644732682e+00 -4.405603240590711955e+00 -1.299666204881880560e+01 -1.301457312881880490e+01
0.000000000000000000e+00 0.000000000000000000e+00 0.000000000000000000e+00 0.000000000000000000e+00 0.000000000000000000e+00 0.000000000000000000e+00
-4.641718793269802745e+00 -4.685273750986862495e+00 -4.679057468308548628e+00 -4.121060608726512697e+00 -1.190755945439999941e+01 -1.336477930046981655e+01
-3.282111086078626006e+00 -4.393323975916917590e+00 -4.248926665866873620e+00 -4.243729148495965831e+00 -1.182927859200000142e+01 -1.290509855292715002e+01
-2.359252998377646460e+00 -4.111667824861632070e+00 -4.061001077985613605e+00 -4.101193177704161030e+00 -1.265375371676531380e+01 -1.305574728568267773e+01
-3.282013087493643511e+00 -4.446747210314896392e+00 -4.434402670093113841e+00 -4.459300008501611678e+00 -1.322716931728605338e+01 -1.318749392798240727e+01
0.000000000000000000e+00 0.000000000000000000e+00 0.000000000000000000e+00 0.000000000000000000e+00 0.000000000000000000e+00 0.000000000000000000e+00
-1.772756654848675062e-01 -1.859434800725276560e+00 -3.726239343806592164e+00 2.428800000000010950e-01 -1.255180354391807995e+01 -1.061280000000000001e+01
7.788736418142604201e+00 1.500000000000000000e+01 1.099873619999977770e+01 7.799905613857027298e+00 1.999671192000000097e+00 7.387200000000007094e-01
-3.503591501436980060e+00 -3.600609953208013803e+00 -3.541752316972800685e+00 2.073931937231863754e-01 -1.191944782943999925e+01 -1.076759999999999984e+01
5.240000000000001101e+00 1.511714404799906042e+00 -2.368177200000000315e+00 4.467535876598400790e+00 -1.142547984000000127e+01 -6.340449600221378823e+00
0.000000000000000000e+00 0.000000000000000000e+00 0.000000000000000000e+00 0.000000000000000000e+00 0.000000000000000000e+00 0.000000000000000000e+00
-4.159815319652658161e+00 -2.852516364093950152e+00 -4.182422079834496209e+00 -3.374517072975253384e+00 -1.222262821932065258e+01 -1.311627420443583070e+01
-3.844444936969440896e+00 2.428799931402424173e-01 -3.837209853845771512e+00 -3.761388717735168363e+00 -1.220557318872479868e+01 -1.051001428335936794e+01
-3.375669499838202636e+00 -2.315645439999999500e+00 -3.815328180753481124e+00 -4.002855624874574580e+00 -1.284199510106603626e+01 -1.169156880000000065e+01
-4.669686742598085694e+00 -4.680206471925263401e+00 -4.120390703128100185e+00 -4.713882678061296794e+00 -1.168233091200000118e+01 -1.328957351655743224e+01
0.000000000000000000e+00 0.000000000000000000e+00 0.000000000000000000e+00 0.000000000000000000e+00 0.000000000000000000e+00 0.000000000000000000e+00
-4.666103957049958950e+00 -4.689003651396657091e+00 -4.120390697779670042e+00 -4.628987853858069101e+00 -1.233609977088000065e+01 -1.325415694702603631e+01
-4.354966544761593283e+00 -4.366610815882678409e+00 -3.282013081600044124e+00 -4.371125123092361342e+00 -1.261427491798092326e+01 -1.315128111137414990e+01
2.428800000000010950e-01 -3.849775568160643147e+00 -4.098403529239866394e+00 -8.362280994173172388e-01 -1.005581309231422082e+01 -9.834867658229848431e+00
-2.852516351999999422e+00 -3.669354001918828878e+00 -3.883949857095293279e+00 -3.363593617878430919e+00 -1.303053230166130660e+01 -1.231395168511197014e+01
0.000000000000000000e+00 0.000000000000000000e+00 0.000000000000000000e+00 0.000000000000000000e+00 0.000000000000000000e+00 0.000000000000000000e+00
-2.315645439999999500e+00 -4.137021933423316256e+00 -3.386769777110330004e+00 -2.866505273581684499e+00 -1.186498008671620852e+01 -1.299821889095531979e+01
-4.418972614318518843e+00 -4.555857869448810327e+00 -3.625610814059255116e+00 -4.479602246083517869e+00 -1.135521216000000067e+01 -1.169216121600000058e+01
-4.263867564696296242e+00 -4.313036112121433341e+00 -2.852535565101313786e+00 -4.264249829202578113e+00 -1.315150965171654640e+01 -1.317960534255177052e+01
-4.659661640356127954e+00 -4.702782121508207069e+00 -3.625610465385903147e+00 -3.975931984232400129e+00 -1.241103907935187323e+01 -1.333494055446935000e+01
0.000000000000000000e+00 0.000000000000000000e+00 0.000000000000000000e+00 0.000000000000000000e+00 0.000000000000000000e+00 0.000000000000000000e+00
-2.679874200000000428e+00 1.100000000000000000e+01 5.239886787419434810e+00 7.799042339994668893e+00 -1.209600242834092843e+00 -1.234481464799999317e+00
-8.058904464960197078e-01 -8.245026494130153205e-01 1.553600000000001202e+00 -5.595227999999918822e-02 -8.936207999999998819e+00 -9.900000000000000355e+00
1.100000000000000000e+01 5.232500816399999088e+00 5.239305071988251683e+00 7.790487299976637026e+00 -1.209348003546698358e+00 -1.207800000000003982e+00
2.393238321110071620e-01 -2.418579360000000289e+00 3.192000000000001059e+00 1.549307007156576876e+00 -7.484440536648022224e+00 -1.125776700000000119e+01
0.000000000000000000e+00 0.000000000000000000e+00 0.000000000000000000e+00 0.000000000000000000e+00 0.000000000000000000e+00 0.000000000000000000e+00
-4.066269415432154588e+00 -3.282013081599999715e+00 -4.180290394130548037e+00 -3.461592873097361966e+00 -1.257599962279251038e+01 -1.230790198402730873e+01
-2.523132755194671617e+00 -8.056959999999990796e-01 -2.410851871950905778e+00 -3.913233950032933173e+00 -1.085372333470807327e+01 -1.085622804226385085e+01
-3.894083349247032810e+00 -2.852516351999999422e+00 -3.974253913040222130e+00 -2.862900267278623456e+00 -1.165802550911999980e+01 -1.224880096818741038e+01
-4.687747765047469706e+00 -4.699391804231392911e+00 -3.900488372224000244e+00 -4.637700495756880592e+00 -1.349836243101011135e+01 -1.287300792278939099e+01
0.000000000000000000e+00 0.000000000000000000e+00 0.000000000000000000e+00 0.000000000000000000e+00 0.000000000000000000e+00 0.000000000000000000e+00
-4.643245190356939389e+00 -4.568833881816416032e+00 -3.900488372224000244e+00 -4.323662718473980426e+00 -1.304112066526565705e+01 -1.331008735707163027e+01
-4.396267244515908779e+00 -4.246584462713141939e+00 -2.852516351999999422e+00 -4.258670870904253114e+00 -1.079185499999999998e+01 -1.079997508800000006e+01
-4.287206046896272937e+00 -4.041617534715010507e+00 -4.273973645561022217e+00 -8.056959999999990796e-01 -1.146940630986637899e+01 -1.279244330095997384e+01
-4.212636365034253316e+00 -3.974481864964833910e+00 -4.136209538128275298e+00 -3.282013081599999715e+00 -1.247717282729644772e+01 -1.189951258893839992e+01
0.000000000000000000e+00 0.000000000000000000e+00 0.000000000000000000e+00 0.000000000000000000e+00 0.000000000000000000e+00 0.000000000000000000e+00
-3.656969770674599385e+00 -4.375821062831610320e+00 -3.709857047130181940e+00 -2.852516351999999422e+00 -1.270550107891169311e+01 -1.316729295115130327e+01
-4.439428730192992667e+00 -3.975497466859448714e+00 -3.282013081610258176e+00 -4.464332085087218793e+00 -1.280090291902934396e+01 -1.335959884390996422e+01
-4.264987783119449816e+00 -3.376638684205236718e+00 -2.315645439999999500e+00 -4.199847844283128850e+00 -1.198932226680152624e+01 -1.273005115497454121e+01
-4.582690843434573225e+00 -4.569564305491263134e+00 -3.282013081599999715e+00 -4.639389843284288162e+00 -1.360766045546806069e+01 -1.335845834773691010e+01
0.000000000000000000e+00 0.000000000000000000e+00 0.000000000000000000e+00 0.000000000000000000e+00 0.000000000000000000e+00 0.000000000000000000e+00
-2.430696240000000063e+00 7.800000000000000711e+00 3.185994257738688606e+00 7.799039756538136636e+00 -3.834871200001451541e+00 -4.459603684638326904e+00
-2.837206908000000194e+00 1.116724750596855831e-01 3.192000000000001059e+00 2.428766141949197932e-01 -7.601760005941444298e+00 -7.691760000000192221e+00
3.535167252096016455e-01 3.035187413051088523e+00 3.186508325084390858e+00 7.800000000000000711e+00 -3.789710664397047957e+00 -3.833264274655101111e+00
-9.071207451863991800e-01 1.545519370651561752e+00 5.240000000000001101e+00 1.458462296278101977e+00 -5.808487666415873996e+00 -6.363465119999998976e+00
0.000000000000000000e+00 0.000000000000000000e+00 0.000000000000000000e+00 0.000000000000000000e+00 0.000000000000000000e+00 0.000000000000000000e+00
-4.195539221186564305e+00 -4.202069180317349328e+00 -4.332165459209045721e+00 -3.625610465279999861e+00 -1.252089524820095967e+01 -1.170104457600000103e+01
-4.180533040104075226e+00 -4.226711781422871184e+00 -2.977605776039332852e+00 -1.644556799999999264e+00 -1.209875008882686487e+01 -1.150246707826448933e+01
-4.333691558659628740e+00 -4.314943025698307011e+00 -4.288922852264406060e+00 -3.282013081599999715e+00 -1.244045741875200051e+01 -1.315287162343930127e+01
-4.583579231906818485e+00 -4.495523139032673754e+00 -3.625610465279999861e+00 -4.514106803505274712e+00 -1.307359378705570485e+01 -1.309031595511757118e+01
0.000000000000000000e+00 0.000000000000000000e+00 0.000000000000000000e+00 0.000000000000000000e+00 0.000000000000000000e+00 0.000000000000000000e+00
-4.511010887980376083e+00 -4.397973594375124584e+00 -3.625610465279999861e+00 -4.160982321716875987e+00 -1.302419992440799490e+01 -1.108584000000000103e+01
-4.328367696923275609e+00 -2.315645439999999500e+00 -4.055134528254990656e+00 -4.190130177059709915e+00 -1.181123822180139271e+01 -1.225523439720913643e+01
-4.350779051430860633e+00 -4.186304586194405708e+00 -4.201212973460325628e+00 -1.644556799999999264e+00 -1.297175573071060306e+01 -1.132540859447999892e+01
-4.405589798689654835e+00 -4.145365229039027710e+00 -4.326895141540295420e+00 -3.625610465279999861e+00 -1.134492912000000153e+01 -1.231284858918019331e+01
0.000000000000000000e+00 0.000000000000000000e+00 0.000000000000000000e+00 0.000000000000000000e+00 0.000000000000000000e+00 0.000000000000000000e+00
-3.967995161835292439e+00 -4.441203290993102293e+00 -4.546531071753564746e+00 -3.282013081599999715e+00 -1.263476536375513604e+01 -1.268392074693801774e+01
-4.433677088802902233e+00 -3.786237901225600666e+00 -2.852516351999999422e+00 -4.439164672202654316e+00 -1.324846019833113431e+01 -1.195381177343999823e+01
-4.209031836133400262e+00 -4.062450404514471813e+00 -1.644556799999999264e+00 -3.215423798146390233e+00 -1.287890855635355258e+01 -1.260626673575086443e+01
-4.486406052077525963e+00 -4.552633113500954565e+00 -2.852516351999999422e+00 -4.597893079287685758e+00 -1.183510002672000105e+01 -1.303777142631688690e+01
0.000000000000000000e+00 0.000000000000000000e+00 0.000000000000000000e+00 0.000000000000000000e+00 0.000000000000000000e+00 0.000000000000000000e+00
-2.761862652000000473e+00 1.080846662399935987e+00 1.553557713837497856e+00 5.240000000000001101e+00 -9.000000000000000000e+00 -6.403586950492735852e+00
1.112950134544333114e+00 5.240000000000001101e+00 5.239240984300682413e+00 1.549681355513859105e+00 -5.812756115579183813e+00 -5.812741999978980445e+00
-3.107584956060000181e+00 1.549089527989930604e+00 1.077178610453760843e+00 5.240000000000001101e+00 -5.808055096525894356e+00 -5.813717638895998796e+00
-2.884024000800000209e+00 2.539773099517178334e+00 7.800000000000000711e+00 3.191653828302585705e+00 -3.761407978269879049e+00 -3.766877999999998838e+00
0.000000000000000000e+00 0.000000000000000000e+00 0.000000000000000000e+00 0.000000000000000000e+00 0.000000000000000000e+00 0.000000000000000000e+00
-4.315201089799477252e+00 -4.337994641132056017e+00 -4.488003074815639870e+00 -3.900488372224000244e+00 -1.314634296482783604e+01 -1.255826011355498117e+01
-4.354038807378024067e+00 -4.404507303785571537e+00 -4.235977590348324107e+00 -2.315645439999999500e+00 -1.285803941517579752e+01 -1.195250992101568777e+01
-4.334259518387622911e+00 -4.360339618065684597e+00 -4.329792313201398457e+00 -3.625613540187063499e+00 -1.335091851309706890e+01 -1.292071657776658888e+01
-4.453641524385161254e+00 -4.420021649151526510e+00 -3.282013081599999715e+00 -4.419712398880086823e+00 -1.281496189395053165e+01 -1.246765553095858614e+01
0.000000000000000000e+00 0.000000000000000000e+00 0.000000000000000000e+00 0.000000000000000000e+00 0.000000000000000000e+00 0.000000000000000000e+00
-4.305888303552438678e+00 -3.282013081599999715e+00 -4.341753519495147984e+00 -3.956970000724651548e+00 -1.298988899445700795e+01 -1.305720479378663690e+01
-3.866828552100883609e+00 -3.884240668383617034e+00 -1.646732923010504557e+00 -4.215082736874934177e+00 -1.248377789788992054e+01 -1.240025239421037995e+01
-4.357335436531646344e+00 -3.927441493324352439e+00 -3.606310156460553085e+00 -2.315645439999999500e+00 -1.307273604680308665e+01 -1.308225573751592918e+01
-4.240516771929952355e+00 -4.427959094894466041e+00 -4.304123339846674945e+00 -3.900488372224238276e+00 -1.293337602942538034e+01 -1.303769066781779173e+01
0.000000000000000000e+00 0.000000000000000000e+00 0.000000000000000000e+00 0.000000000000000000e+00 0.000000000000000000e+00 0.000000000000000000e+00
-4.643888510248301849e+00 -4.571033430567545963e+00 -4.570022737194753049e+00 -3.625610465279999861e+00 -1.345857530208995456e+01 -1.347188728730237095e+01
-2.315645439999999500e+00 -3.374480726538369169e+00 -3.285267648375939320e+00 -3.362067385651084539e+00 -1.198490530134828980e+01 -1.186233655999488690e+01
-8.056959999999990796e-01 -2.474248349725269414e+00 -3.757548302919020866e+00 -3.883617799419051053e+00 -1.280052307832999148e+01 -1.085914959295971194e+01
-2.315645439999999500e+00 -4.307170148602557092e+00 -4.337271603616856375e+00 -4.460154036077958573e+00 -1.336412502847452544e+01 -1.200642620893745516e+01
0.000000000000000000e+00 0.000000000000000000e+00 0.000000000000000000e+00 0.000000000000000000e+00 0.000000000000000000e+00 0.000000000000000000e+00
-9.988073500910665814e-02 2.310949663840303758e-01 -4.379911379907341917e-01 3.192000000000001059e+00 -7.820206559999999030e+00 -7.842612960553402957e+00
3.186333107901961004e+00 7.800000000000000711e+00 5.930158187520002677e+00 3.139470318211598165e+00 -4.492584007700820337e+00 -4.438807699165074894e+00
-1.066018286013292737e-01 -1.024418413779915049e-01 -4.426167769655755535e-01 3.192000000000001059e+00 -7.446440164479318113e+00 -1.135869917760000014e+01
1.100000000000000000e+01 5.238121632736032929e+00 -2.351044799999999935e+00 5.232458138400001069e+00 -1.209502800274050438e+00 -1.200941428374712183e+00
0.000000000000000000e+00 0.000000000000000000e+00 0.000000000000000000e+00 0.000000000000000000e+00 0.000000000000000000e+00 0.000000000000000000e+00
-4.549194389642309488e+00 -4.387980286370358307e+00 -4.478486875845501203e+00 -4.120391288126951324e+00 -1.343260924778977028e+01 -1.283583039591923836e+01
-4.466427397346349970e+00 -3.698584645739522170e+00 -4.341473535976355436e+00 -2.852517808638896479e+00 -1.322662922210935399e+01 -1.320332225342232491e+01
-4.458259823462785931e+00 -4.461524222964618147e+00 -4.463818787165971358e+00 -3.949187039851421499e+00 -1.305057714188699691e+01 -1.268281284708096024e+01
-4.365950772747442699e+00 -2.852516351999999422e+00 -4.328049996501528440e+00 -4.453347825270900451e+00 -1.306444556933239198e+01 -1.206337438998719946e+01
0.000000000000000000e+00 0.000000000000000000e+00 0.000000000000000000e+00 0.000000000000000000e+00 0.000000000000000000e+00 0.000000000000000000e+00
-4.438711281139235965e+00 -2.852594582141334101e+00 -4.342339950425530226e+00 -4.329680357369366739e+00 -1.269969457088544829e+01 -1.180969200000000008e+01
-3.990843551828056945e+00 -8.056960000780742925e-01 -3.849001803397624766e+00 -3.767880647537624750e+00 -1.224590914137712261e+01 -1.266515944676406491e+01
-4.338050006602593101e+00 -3.716167055710880351e+00 -3.607708511565709486e+00 -2.852516351999999422e+00 -1.334007910392347362e+01 -1.335929762078232308e+01
-4.375299575562789478e+00 -4.370248304651940252e+00 -4.293857849908536473e+00 -4.120392108241982321e+00 -1.286628594150704785e+01 -1.291870339463643980e+01
0.000000000000000000e+00 0.000000000000000000e+00 0.000000000000000000e+00 0.000000000000000000e+00 0.000000000000000000e+00 0.000000000000000000e+00
-4.677322619577191531e+00 -4.687572372022312805e+00 -4.646872345010836902e+00 -3.901172784165466201e+00 -1.079823599999999928e+01 -1.252838724862521680e+01
-3.553390921064023544e+00 -4.237629378244051281e+00 -4.196453214172141344e+00 -2.852516352052784310e+00 -1.322703614599199895e+01 -1.245655251993600032e+01
-1.644931946881130314e+00 -4.096831847434780904e+00 -3.810636155653988943e+00 -3.870316604306242247e+00 -9.999900000000000233e+00 -1.174899124379519932e+01
-4.255754288621814041e+00 -4.487238249762588893e+00 -4.334798034939211675e+00 -2.852516352001502220e+00 -1.298583269500070614e+01 -1.141376097600000072e+01
0.000000000000000000e+00 0.000000000000000000e+00 0.000000000000000000e+00 0.000000000000000000e+00 0.000000000000000000e+00 0.000000000000000000e+00
-3.785813934427354255e+00 -3.559759532570880403e+00 -3.513333228768000360e+00 1.548760262274236021e+00 -1.214779786919999971e+01 -1.219463405452800053e+01
-1.702800000000000091e+00 1.099999873308077092e+01 -2.243160000000000487e+00 -2.184840000000000337e+00 -1.063799999999999990e+01 -2.892181812479996950e+00
-3.507139057222944611e+00 -3.538573700393318866e+00 -3.186991742400000049e+00 1.505897689548871154e+00 -1.218897710438400139e+01 -1.215470467998720139e+01
-1.712790000000000257e+00 2.643818400000000679e+00 2.065431024000001337e+00 7.800000000000000711e+00 -9.000000000000000000e+00 -4.462120802506647443e+00
0.000000000000000000e+00 0.000000000000000000e+00 0.000000000000000000e+00 0.000000000000000000e+00 0.000000000000000000e+00 0.000000000000000000e+00
-4.199775511725169608e+00 -3.282900209922665180e+00 -4.186482980551621047e+00 -4.168944527389318644e+00 -1.128859776000000181e+01 -1.277713146350015982e+01
-4.010143504231380440e+00 -8.056984296433733483e-01 -4.073508838343087746e+00 -4.056883962992015036e+00 -1.259809952071155870e+01 -1.270222604241297581e+01
-4.180296439216915516e+00 -2.852516376778013729e+00 -4.161902247951460687e+00 -4.161902247951460687e+00 -1.288014083884742789e+01 -1.244643263496000074e+01
-4.750870146139760664e+00 -4.296314589791549565e+00 -4.728733253215265719e+00 -4.756399390350401823e+00 -1.204297744319999985e+01 -1.283526769264377165e+01
0.000000000000000000e+00 0.000000000000000000e+00 0.000000000000000000e+00 0.000000000000000000e+00 0.000000000000000000e+00 0.000000000000000000e+00
-4.665708197104924793e+00 -4.296316200703212296e+00 -4.690771099989208714e+00 -4.699220351426905751e+00 -1.246353684218104263e+01 -1.348214361800724248e+01
-4.483071264744312501e+00 -3.625610479732384039e+00 -4.484996262297391567e+00 -4.497392312314405061e+00 -1.136352060000000108e+01 -1.325115274417256472e+01
1.553600000000001202e+00 -3.339763104423859374e+00 2.198643526199690612e-01 -3.579024845501118879e+00 -1.230268084589198452e+01 -8.793028625275319143e+00
-2.315645439999999500e+00 -3.287785520048947863e+00 -3.757276338195168375e+00 -2.861527014613763686e+00 -1.188949181974259872e+01 -1.191376511338739874e+01
0.000000000000000000e+00 0.000000000000000000e+00 0.000000000000000000e+00 0.000000000000000000e+00 0.000000000000000000e+00 0.000000000000000000e+00
-1.644556799999999264e+00 -4.070397381311571472e+00 -3.544683631342146146e+00 -4.031972795050557501e+00 -1.240781520528000037e+01 -1.298296944864200775e+01
-4.571464491702284860e+00 -3.901230946699481894e+00 -4.546784840339240574e+00 -4.563031550955794380e+00 -1.302902699546517340e+01 -1.340716393230956704e+01
-4.447694703042825992e+00 -3.282666546681132669e+00 -4.495330279450353572e+00 -4.486617852471399104e+00 -1.305398374947617768e+01 -1.313203601946966792e+01
-4.713872552846784636e+00 -3.900489443785468247e+00 -4.712217699723015407e+00 -4.705703476800900731e+00 -1.258787949183020771e+01 -1.336110952542699337e+01
0.000000000000000000e+00 0.000000000000000000e+00 0.000000000000000000e+00 0.000000000000000000e+00 0.000000000000000000e+00 0.000000000000000000e+00
3.184669533559352672e+00 7.800000000000000711e+00 4.428295765352091351e+00 -2.879620764408000522e+00 -3.834905967740226629e+00 -3.760763671533973174e+00
-3.153094038000000321e+00 2.428800000000010950e-01 -1.008574951386838503e+00 -8.259683743799992595e-01 -1.015645572887174808e+01 -1.000344944879999964e+01
1.500000000000000000e+01 7.789633297927200495e+00 1.099879570152000063e+01 7.548120000000000829e+00 1.889999999999990354e+00 1.988573832000000152e+00
-1.077346865407258214e+00 1.553600000000001202e+00 2.082448332320410711e-01 2.078111114736491127e-01 -1.229537575523375992e+01 -8.760629905551240881e+00
0.000000000000000000e+00 0.000000000000000000e+00 0.000000000000000000e+00 0.000000000000000000e+00 0.000000000000000000e+00 0.000000000000000000e+00
-4.086069755633633171e+00 -3.625610465349083267e+00 -4.156963504271535825e+00 -3.952955331187249399e+00 -1.291997661508707651e+01 -1.248968133290603433e+01
-4.168876529661962316e+00 -1.644557249343689520e+00 -3.874328111287019816e+00 -4.000787146880295353e+00 -1.168255129931035263e+01 -1.246380026457600110e+01
-4.201332232946645817e+00 -3.315028871575333547e+00 -4.239604675364148534e+00 -4.206557796277934358e+00 -1.283047886667967497e+01 -1.281440196309524104e+01
-4.705971709178590423e+00 -4.657112165291762196e+00 -4.172590617546273251e+00 -4.661254989126295989e+00 -1.356920502710250531e+01 -1.321502670103517119e+01
0.000000000000000000e+00 0.000000000000000000e+00 0.000000000000000000e+00 0.000000000000000000e+00 0.000000000000000000e+00 0.000000000000000000e+00
-4.654467229777289994e+00 -4.590736271785856637e+00 -4.120440024927993328e+00 -4.657747581173678597e+00 -1.133647200000000055e+01 -1.318208831981828411e+01
-4.472435059491039588e+00 -4.256551515537349673e+00 -3.282023050381689622e+00 -4.386188359067057618e+00 -1.225468995752160062e+01 -1.180816349760000072e+01
-4.204675557057376167e+00 -1.644556800000171570e+00 -4.191668972027727591e+00 -4.226363257059428946e+00 -1.142704416865631423e+01 -1.254398274802258939e+01
-4.255858862992827341e+00 -3.625610465280680650e+00 -4.193497085266521651e+00 -4.217913563008591105e+00 -1.186136609472000103e+01 -1.315719852622300756e+01
0.000000000000000000e+00 0.000000000000000000e+00 0.000000000000000000e+00 0.000000000000000000e+00 0.000000000000000000e+00 0.000000000000000000e+00
-4.531957401221361259e+00 -3.282013432971671918e+00 -4.553973906633238755e+00 -4.414169369293574618e+00 -1.249993725139296075e+01 -1.129314096000000056e+01
-4.476169394756882802e+00 -4.476238217375367867e+00 -3.641716121034481723e+00 -4.445102947082888889e+00 -1.330429472902488186e+01 -1.308269157492425094e+01
-4.169624923257504889e+00 -4.239163939400670600e+00 -2.852516358665557306e+00 -4.255036895873268499e+00 -1.226562638448384135e+01 -1.241219863747956254e+01
-4.587031688023404996e+00 -3.625716201460785992e+00 -4.614585312305401921e+00 -4.602585805637336769e+00 -1.323959060391847764e+01 -1.316164197268177283e+01
0.000000000000000000e+00 0.000000000000000000e+00 0.000000000000000000e+00 0.000000000000000000e+00 0.000000000000000000e+00 0.000000000000000000e+00
-2.362215600000000304e+00 5.168250071536168555e+00 -2.249640000000000306e+00 -2.420431919999999959e+00 -1.107936000000000121e+01 -1.117836000000000141e+01
-2.410176600000000224e+00 1.157945040000001313e+00 -2.826507599999999787e+00 -2.789014320000000158e+00 -1.113314399999999971e+01 -1.112601599999999991e+01
-2.295381600000000244e+00 5.208036829516800914e+00 -2.686255200000000620e+00 -2.739391200000000470e+00 -9.000000000000000000e+00 -9.000000000000000000e+00
-2.697490800000000188e+00 2.907924496488001331e+00 -2.410207199999999883e+00 -2.739391200000000470e+00 -1.151176320000000075e+01 -9.990000000000000213e+00
0.000000000000000000e+00 0.000000000000000000e+00 0.000000000000000000e+00 0.000000000000000000e+00 0.000000000000000000e+00 0.000000000000000000e+00
-4.194400647394671999e+00 -4.224185165246703733e+00 -4.228851572975747430e+00 -3.900491245642022875e+00 -1.230189939688919232e+01 -1.201251142489190471e+01
-4.171145544425002960e+00 -4.191309795514415626e+00 -4.062406335971924243e+00 -2.320808310413189357e+00 -1.249108832036159988e+01 -1.277791119683884880e+01
-4.185617213004726445e+00 -3.625615997087026088e+00 -4.202112054160693333e+00 -4.188705152579033530e+00 -1.181852432640000039e+01 -1.136830680000000093e+01
-4.637189319021127076e+00 -3.900506771253560601e+00 -4.565711384445260812e+00 -4.587829802141809132e+00 -1.135987775999999982e+01 -1.310780037158300360e+01
0.000000000000000000e+00 0.000000000000000000e+00 0.000000000000000000e+00 0.000000000000000000e+00 0.000000000000000000e+00 0.000000000000000000e+00
-4.446712650096326769e+00 -3.900488372390580771e+00 -4.515592293507193489e+00 -4.639230383707713123e+00 -1.340414285271965156e+01 -1.313316955867465730e+01
-4.316000857604949559e+00 -2.852516352000102007e+00 -4.344077512173392996e+00 -4.246910042416221387e+00 -1.178463941280000071e+01 -1.243143152473209945e+01
-4.211007773004157073e+00 -2.317532539243646994e+00 -4.334954321382237019e+00 -4.251485664721367463e+00 -1.122780960000000050e+01 -1.299813796302568392e+01
-4.308980655284480044e+00 -4.390751494358084983e+00 -4.329639509032523925e+00 -3.900890822379742495e+00 -1.294277336863386729e+01 -9.000000000000000000e+00
0.000000000000000000e+00 0.000000000000000000e+00 0.000000000000000000e+00 0.000000000000000000e+00 0.000000000000000000e+00 0.000000000000000000e+00
-4.592736266917916588e+00 -3.625803342879714286e+00 -4.612527968470516271e+00 -4.521844820561042866e+00 -1.358665268821945915e+01 -1.357792775652080053e+01
-4.460972343064044665e+00 -3.282014169799406744e+00 -4.447358582767486190e+00 -4.445102656749419623e+00 -1.122787439999999926e+01 -1.248479946057024037e+01
-4.171203899589838393e+00 -2.315645440000023036e+00 -4.245077330004634497e+00 -4.208636218896665504e+00 -1.198958004856464044e+01 -1.321985197010400270e+01
-4.631099720715203816e+00 -3.538155093304942600e+00 -4.600839105236135040e+00 -4.595063277200120311e+00 -1.349086312796340614e+01 -1.276310451686920011e+01
0.000000000000000000e+00 0.000000000000000000e+00 0.000000000000000000e+00 0.000000000000000000e+00 0.000000000000000000e+00 0.000000000000000000e+00
-2.357549999999999812e+00 -2.730454560000000974e+00 -2.310332760000000096e+00 2.130588515060404919e+00 -1.137334895999999951e+01 -1.129719599999999957e+01
-2.747556000000000331e+00 3.163866001108402770e+00 -8.895624143615989965e-01 -2.704100400000000182e+00 -9.894230289561599889e+00 -1.176458687999999952e+01
-2.692381590000000546e+00 -2.872435944672000030e+00 -2.739391200000000470e+00 2.374698020520961350e+00 -1.117836000000000141e+01 -1.129719600000000135e+01
-2.744155800000000589e+00 4.479243120000001355e+00 -2.837608668000000112e+00 -2.863059937920000131e+00 -1.061927999999999983e+01 -1.107936000000000121e+01
0.000000000000000000e+00 0.000000000000000000e+00 0.000000000000000000e+00 0.000000000000000000e+00 0.000000000000000000e+00 0.000000000000000000e+00
-4.594211630384652523e+00 -4.120390697779218847e+00 -4.536139556037413811e+00 -4.495817059727784226e+00 -1.151974079999999923e+01 -1.217100811104000080e+01
-4.510650840056147359e+00 -2.852516352055916027e+00 -4.358764122378173234e+00 -4.451483784711296465e+00 -1.313176291078205082e+01 -1.341910531489585878e+01
-4.305396836270605654e+00 -3.901101999059165770e+00 -4.303428314895168860e+00 -4.328735412855361453e+00 -1.328746297722515379e+01 -9.990000000000000213e+00
-4.616815049031399276e+00 -4.498173310697476168e+00 -3.716230034516708969e+00 -4.538338920807141186e+00 -1.317671412619286997e+01 -1.280000039033243731e+01
0.000000000000000000e+00 0.000000000000000000e+00 0.000000000000000000e+00 0.000000000000000000e+00 0.000000000000000000e+00 0.000000000000000000e+00
-4.591721792786244372e+00 -3.633510033164462971e+00 -4.496022850585715602e+00 -4.479204000546416431e+00 -1.326161973635004365e+01 -1.299074225083395007e+01
-4.198768788446959555e+00 -4.050177120232417494e+00 -4.007857512273158562e+00 -3.996967706584653612e+00 -1.288581390801667581e+01 -1.143248017809600015e+01
-4.465472594182630317e+00 -2.868077181618543747e+00 -4.496814584509323254e+00 -4.468994213778111124e+00 -1.298983362657287621e+01 -1.311702131284786432e+01
-4.467393419750293582e+00 -4.120414716932947918e+00 -4.465746899668480374e+00 -4.367426767623810768e+00 -1.253440138616064026e+01 -1.187985774492000068e+01
0.000000000000000000e+00 0.000000000000000000e+00 0.000000000000000000e+00 0.000000000000000000e+00 0.000000000000000000e+00 0.000000000000000000e+00
-4.624677314941498807e+00 -3.900489166693736465e+00 -4.627830119671814124e+00 -4.643930456256944339e+00 -1.319441187335548804e+01 -1.329006689701797761e+01
-1.644556799999999264e+00 -3.805527093737334443e+00 -3.735013491735757807e+00 -2.332268281306724589e+00 -1.246181817196800168e+01 -1.145546349410839859e+01
2.428800000000010950e-01 -2.717987757872556642e+00 -2.726216150578925301e+00 -1.824108093695680610e+00 -9.806566007584812894e+00 -9.833315032628991759e+00
-1.644556799999999264e+00 -4.428703209476026359e+00 -2.993844166818020458e+00 -4.289202234688863413e+00 -1.137655166556904973e+01 -1.322648663284694592e+01
0.000000000000000000e+00 0.000000000000000000e+00 0.000000000000000000e+00 0.000000000000000000e+00 0.000000000000000000e+00 0.000000000000000000e+00
-2.348506430606975837e+00 1.553600000000001202e+00 -1.100299186892415682e+00 2.078600539049023088e-01 -9.102037482593278384e+00 -1.139778000000000091e+01
-2.344982256000000209e+00 5.240000000000001101e+00 4.097713357888883579e+00 3.123324356605233554e+00 -6.395432533359520555e+00 -5.880709709951487341e+00
-8.359292019363905313e-01 1.553600000000001202e+00 -8.325625027650755960e-01 2.050110330494133160e-01 -9.143674037518415787e+00 -9.000000000000000000e+00
1.500000000000000000e+01 7.789826505672000856e+00 7.789410792000000860e+00 9.736199999490889212e+00 1.988099999999999978e+00 1.872971999999990977e+00
0.000000000000000000e+00 0.000000000000000000e+00 0.000000000000000000e+00 0.000000000000000000e+00 0.000000000000000000e+00 0.000000000000000000e+00
-4.554034726700397329e+00 -4.486714664612593495e+00 -4.447135151491290905e+00 -4.296312558454085995e+00 -1.339307364051832749e+01 -1.301463731838110860e+01
-4.582877372919881509e+00 -4.441860471654452525e+00 -4.479737986202702693e+00 -3.283222165287825511e+00 -1.193858250019200007e+01 -1.351543296396087968e+01
-4.420602711120492856e+00 -4.377977037826359386e+00 -4.423773475504959585e+00 -4.149109039720213055e+00 -1.293700792778702002e+01 -1.070279999999999987e+01
-4.356456363376748797e+00 -3.282014140898046328e+00 -4.424897909525926210e+00 -4.429286189092795922e+00 -1.322425317142654499e+01 -1.321754157046654399e+01
0.000000000000000000e+00 0.000000000000000000e+00 0.000000000000000000e+00 0.000000000000000000e+00 0.000000000000000000e+00 0.000000000000000000e+00
-4.575140714388158614e+00 -3.284285524067393158e+00 -4.451971966155669591e+00 -4.517335809230449861e+00 -1.314452187038229880e+01 -1.345763399505280233e+01
-4.200575145023164758e+00 -1.645593832298831938e+00 -4.020688691376423485e+00 -4.044378359196368677e+00 -1.248444979324001380e+01 -1.310197186074263698e+01
-4.396429424717390511e+00 -3.282013081601342197e+00 -4.404822751872304210e+00 -4.469697753654133798e+00 -1.322733312057711430e+01 -1.282775454371249602e+01
-4.470414437906961247e+00 -4.305746378501977389e+00 -4.494915517312334075e+00 -4.456577712015504567e+00 -1.306294687807264943e+01 -1.319963974049039912e+01
0.000000000000000000e+00 0.000000000000000000e+00 0.000000000000000000e+00 0.000000000000000000e+00 0.000000000000000000e+00 0.000000000000000000e+00
-4.687849743842110506e+00 -4.179494968513797204e+00 -4.719883518735819017e+00 -4.662721316244937242e+00 -1.347582452614113890e+01 -1.350414641844811214e+01
-2.325443933045314715e+00 -3.954331419484904853e+00 -4.020158647300032584e+00 -3.979216335504557112e+00 -9.990000000000000213e+00 -1.211088110400000062e+01
-3.812674935296841205e+00 -3.805680221199123636e+00 -3.813303507223144706e+00 -8.056971982925175135e-01 -1.268126219170812696e+01 -1.078398000000000145e+01
-2.315670087864679871e+00 -4.181941358882299120e+00 -4.229812808401930191e+00 -4.220449867653591092e+00 -1.313320978536494366e+01 -1.300246175055553266e+01
0.000000000000000000e+00 0.000000000000000000e+00 0.000000000000000000e+00 0.000000000000000000e+00 0.000000000000000000e+00 0.000000000000000000e+00
-3.575904539299200380e+00 -3.579735620831039800e+00 -3.788663725310400299e+00 2.242995530570144058e-01 -9.900000000000000355e+00 -1.258440314916096092e+01
-2.675249567999999911e+00 7.699458159997108808e+00 -2.304414000000000406e+00 2.838701171735229067e+00 -1.070279999999999987e+01 -1.071828000000000003e+01
-3.493956400992000333e+00 -3.165080489467200664e+00 -3.246440299200000101e+00 2.417618436231365187e-01 -1.248057786921638446e+01 -1.054800000000000004e+01
2.242762560000000960e+00 -1.638000000000000345e+00 -9.899999999999999911e-01 1.099966283999999916e+01 -4.407551999999998138e+00 -4.497551999999998884e+00
0.000000000000000000e+00 0.000000000000000000e+00 0.000000000000000000e+00 0.000000000000000000e+00 0.000000000000000000e+00 0.000000000000000000e+00
-4.352722298535961265e+00 -4.321579731490357901e+00 -4.313282106269049621e+00 -4.341091635621156186e+00 -1.274056051984128146e+01 -1.054800000000000004e+01
-4.104483104046630970e+00 -1.674931117779295375e+00 -4.184647974805959514e+00 -4.084405372354679820e+00 -1.219242288887999948e+01 -1.295268686543633052e+01
-4.341091635621156186e+00 -3.282288376796848706e+00 -4.354230874489649850e+00 -4.341085549620995465e+00 -1.295572020780356404e+01 -1.187671881600000212e+01
-4.796324049095242792e+00 -4.440535463766096314e+00 -4.801994361699321701e+00 -4.801576307859095394e+00 -1.352593825075432044e+01 -1.253999416376678511e+01
0.000000000000000000e+00 0.000000000000000000e+00 0.000000000000000000e+00 0.000000000000000000e+00 0.000000000000000000e+00 0.000000000000000000e+00
-4.728951032424723699e+00 -4.437178121263516850e+00 -4.725837998954606434e+00 -4.734851507306716556e+00 -1.359750853385217084e+01 -1.339296204314773497e+01
-4.575902822006358228e+00 -3.900752880997273131e+00 -4.495201137038256078e+00 -4.266790554396751922e+00 -1.257833226277786309e+01 -1.333143230167487481e+01
1.071209768487121572e+00 -1.154601896037057429e-01 -3.232416193833600460e+00 1.307631598026773201e+00 3.192000000000001059e+00 -7.606419389191713343e+00
-2.433385011664279229e+00 -2.942934105477319040e+00 -3.088893636014741428e+00 -3.479966642880000016e+00 -1.644556799999999264e+00 -1.132097432686065375e+01
0.000000000000000000e+00 0.000000000000000000e+00 0.000000000000000000e+00 0.000000000000000000e+00 0.000000000000000000e+00 0.000000000000000000e+00
-1.666303626307032326e+00 -3.809871384657637527e+00 -3.784448154120048535e+00 -1.864340651636573920e+00 -8.056959999999990796e-01 -1.065993917693955595e+01
-4.632696524616679135e+00 -4.184534711017561470e+00 -4.556950015791667141e+00 -4.621077769291771276e+00 -1.331621677806211679e+01 -1.335664514605937114e+01
-4.569443220993586685e+00 -3.739454530439458857e+00 -4.548058469120631386e+00 -4.577737143553944676e+00 -1.345414429467121664e+01 -1.301912453961353933e+01
-4.753487747536754959e+00 -4.186026030028383360e+00 -4.757616828381099339e+00 -4.715904942135487943e+00 -1.258342866076089628e+01 -1.219656762720000032e+01
0.000000000000000000e+00 0.000000000000000000e+00 0.000000000000000000e+00 0.000000000000000000e+00 0.000000000000000000e+00 0.000000000000000000e+00
-3.193293830227200036e+00 5.240000000000001101e+00 3.191314155276231634e+00 2.548842506198807367e+00 -6.439218420976096091e+00 1.081758653056800856e+00
-3.189155173200000526e+00 -8.056959999999990796e-01 -1.798849917359999218e+00 -1.799010098935541091e+00 -9.000000000000000000e+00 -3.146767344000000133e+00
1.499840999999999980e+01 1.099880932903272068e+01 1.340999985600000066e+01 1.482660000000000089e+01 5.939999856000000023e+00 2.000000000000000000e+01
-3.559066313887295774e+00 2.428800000000010950e-01 -1.080847378787550106e+00 -3.560483908808928177e+00 -1.210228881119999933e+01 -3.822117445536311386e+00
0.000000000000000000e+00 0.000000000000000000e+00 0.000000000000000000e+00 0.000000000000000000e+00 0.000000000000000000e+00 0.000000000000000000e+00
-4.240034540885320169e+00 -3.929158463455249439e+00 -4.228133354136144106e+00 -4.307680115633823803e+00 -1.297062822056873621e+01 -1.179993952281600045e+01
-4.009618478270304820e+00 -2.336058147274199470e+00 -4.221544737561286453e+00 -4.170063848326008404e+00 -1.113314399999999971e+01 -1.300898245627226935e+01
-4.201685217628415181e+00 -4.223098051650454821e+00 -4.271412801579600682e+00 -4.248098802085291226e+00 -1.218198020774400092e+01 -1.291087944486578820e+01
-4.707829230139993548e+00 -4.683123672942696381e+00 -4.382452323216480927e+00 -4.708315184694803257e+00 -1.326869807391744338e+01 -1.342671342107317400e+01
0.000000000000000000e+00 0.000000000000000000e+00 0.000000000000000000e+00 0.000000000000000000e+00 0.000000000000000000e+00 0.000000000000000000e+00
-4.631375186861423465e+00 -4.614829761720371515e+00 -4.310805849877167084e+00 -4.654107794423662625e+00 -1.136766592799999920e+01 -1.332896546005412119e+01
-4.465258965821359283e+00 -4.388141960146374920e+00 -3.625683918677224060e+00 -4.477283302362699224e+00 -1.300686454953845228e+01 -1.316858757644499534e+01
-4.350684722793809023e+00 -2.315645528531157904e+00 -4.285107137464600591e+00 -4.341091635621156186e+00 -1.316874462466414109e+01 -1.221353383679999993e+01
-4.316398912619545669e+00 -3.900496839303032370e+00 -4.309709709351772666e+00 -4.314599570092988223e+00 -1.321415320549433048e+01 -1.222883754336000095e+01
0.000000000000000000e+00 0.000000000000000000e+00 0.000000000000000000e+00 0.000000000000000000e+00 0.000000000000000000e+00 0.000000000000000000e+00
-4.537899718648501945e+00 -3.636662815557503592e+00 -4.652110008111555395e+00 -4.543363021828744408e+00 -1.338915075279336797e+01 -1.342426736174064672e+01
-4.481398216578080351e+00 -4.453318179146812383e+00 -4.537902082436688467e+00 -4.537899718648501945e+00 -1.178278199999999920e+01 -1.054800000000000004e+01
-4.190600981874315956e+00 -3.284759702804489034e+00 -4.067043623559492005e+00 -4.186847566525391251e+00 -1.294568423476296459e+01 -1.192115951923680051e+01
-4.587057600993504458e+00 -3.972537358051202894e+00 -4.566478071347467527e+00 -4.586941884009653414e+00 -1.320370252382213749e+01 -1.298746548054886141e+01
0.000000000000000000e+00 0.000000000000000000e+00 0.000000000000000000e+00 0.000000000000000000e+00 0.000000000000000000e+00 0.000000000000000000e+00
-1.790550000000000086e+00 -2.355735600000000041e+00 -2.250540000000000429e+00 -2.425408560000000158e+00 -1.061280000000000001e+01 -1.134399600000000063e+01
-2.311623180000000666e+00 -2.650834800000000158e+00 -2.755422000000000260e+00 -2.303676000000000279e+00 -9.000000000000000000e+00 -9.000000000000000000e+00
-2.739391200000000470e+00 -2.740687200000000434e+00 -2.257416000000000533e+00 -2.739391200000000470e+00 -1.106121600000000171e+01 -1.175295456000000094e+01
-2.730564720000000278e+00 -2.732011200000000528e+00 -2.755736928000000141e+00 -2.686255200000000176e+00 -9.000000000000000000e+00 -1.146841920000000137e+01
0.000000000000000000e+00 0.000000000000000000e+00 0.000000000000000000e+00 0.000000000000000000e+00 0.000000000000000000e+00 0.000000000000000000e+00
-4.339432262575062538e+00 -4.133348910315035596e+00 -4.354160984521918465e+00 -4.252776531229119250e+00 -1.331220936256702458e+01 -1.130260859999999923e+01
-4.319917859931001303e+00 -4.191379589343470435e+00 -4.237159703054152793e+00 -3.130560917275159394e+00 -1.288934983608030826e+01 -1.188315264959999951e+01
-4.214539671945960464e+00 -3.907897661893637853e+00 -4.342614584405220413e+00 -4.332375942487122877e+00 -1.299615702396679850e+01 -1.287218559613487656e+01
-4.644790642452496954e+00 -4.142353013946583395e+00 -4.657050227535565412e+00 -4.645999961983989124e+00 -1.337518682678163984e+01 -1.290024964588262435e+01
0.000000000000000000e+00 0.000000000000000000e+00 0.000000000000000000e+00 0.000000000000000000e+00 0.000000000000000000e+00 0.000000000000000000e+00
-4.646936043910277370e+00 -4.120416410788838135e+00 -4.666887915023477440e+00 -4.624892057164320391e+00 -1.350653727357805423e+01 -1.331530242163088573e+01
-4.483544865899121490e+00 -3.282014915654976051e+00 -3.711766367252887999e+00 -4.397774415479823951e+00 -1.282269172689481884e+01 -1.137468578392799934e+01
-4.329286412075618706e+00 -4.248993662066310684e+00 -4.327845602857071761e+00 -2.852728777199717403e+00 -1.298423140125534836e+01 -1.250118104716800005e+01
-4.319039328317338722e+00 -4.331163465084106434e+00 -4.318005118210760607e+00 -4.121743128649090870e+00 -1.251328733253503955e+01 -1.304883232480772470e+01
0.000000000000000000e+00 0.000000000000000000e+00 0.000000000000000000e+00 0.000000000000000000e+00 0.000000000000000000e+00 0.000000000000000000e+00
-4.576488262627554704e+00 -4.594425549777872320e+00 -4.577084981934776309e+00 -4.583197231929052151e+00 -1.229116884289920009e+01 -1.309294609852069158e+01
-4.537919955643002545e+00 -3.634947508837805152e+00 -4.537899718648501945e+00 -4.531908530755462294e+00 -1.218809424700799937e+01 -1.276575377290859414e+01
-4.067627829815764429e+00 -2.864481980240130010e+00 -4.199874793577555110e+00 -4.187097960201882074e+00 -1.294174330907616444e+01 -1.079998894799999931e+01
-4.640678267880418595e+00 -4.586690569978597587e+00 -4.564081328046548869e+00 -4.567549004638459031e+00 -1.278980824166305119e+01 -1.308898010915883425e+01
0.000000000000000000e+00 0.000000000000000000e+00 0.000000000000000000e+00 0.000000000000000000e+00 0.000000000000000000e+00 0.000000000000000000e+00
-2.303676000000000279e+00 -2.290715999999999752e+00 -2.243160000000000487e+00 -2.368890000000000384e+00 -1.143601444799999989e+01 -1.140238079999999954e+01
-2.414725560000000382e+00 -2.738962800000000364e+00 -2.303676000000000279e+00 -2.405412000000000106e+00 -9.000000000000000000e+00 -9.000000000000000000e+00
-2.425851979199999953e+00 -2.259278136000000270e+00 -2.705956200000000589e+00 -2.297286000000000605e+00 -1.136258639999999964e+01 -1.113314399999999971e+01
-2.739391200000000470e+00 -2.880339174000000391e+00 -2.739391200000000470e+00 -2.249640000000000306e+00 -1.177171487999999933e+01 -1.173234240000000028e+01
0.000000000000000000e+00 0.000000000000000000e+00 0.000000000000000000e+00 0.000000000000000000e+00 0.000000000000000000e+00 0.000000000000000000e+00
-4.549295362031723577e+00 -4.296536195172515171e+00 -4.538887536761399666e+00 -4.608234467042415794e+00 -1.269086640274460365e+01 -1.338866987049621038e+01
-4.537899718648501945e+00 -3.282020394400631869e+00 -4.484944764739442036e+00 -4.564659286235802860e+00 -1.314895319817270192e+01 -1.340967570060451131e+01
-4.443857764587453296e+00 -4.329721301779057008e+00 -4.458267093399271630e+00 -4.334208283526438166e+00 -1.328925821720008926e+01 -1.177124831999999977e+01
-4.567957560029757502e+00 -4.562392073579701446e+00 -4.079544196463297467e+00 -4.576128438900759932e+00 -1.064700000000000024e+01 -1.284777167075557003e+01
0.000000000000000000e+00 0.000000000000000000e+00 0.000000000000000000e+00 0.000000000000000000e+00 0.000000000000000000e+00 0.000000000000000000e+00
-4.575811305362734949e+00 -4.531973312160335610e+00 -4.589425980870740496e+00 -4.584492461677458053e+00 -1.260800773408094066e+01 -1.257296654964096128e+01
-4.178148324132549440e+00 -4.064587443317982718e+00 -4.079172970572467527e+00 -4.183887280451135560e+00 -1.061927999999999983e+01 -1.200166855344000005e+01
-4.561231415863552741e+00 -4.508140223864895546e+00 -3.908468135335752880e+00 -4.560053828396617881e+00 -1.330126473102980533e+01 -1.281604326825002360e+01
-4.565115667904515284e+00 -4.300025085632447563e+00 -4.493388142207706437e+00 -4.477975993189216020e+00 -1.208029766400000149e+01 -1.280275632934057306e+01
0.000000000000000000e+00 0.000000000000000000e+00 0.000000000000000000e+00 0.000000000000000000e+00 0.000000000000000000e+00 0.000000000000000000e+00
-4.658912013561542942e+00 -4.120977176729875957e+00 -4.617751939443913045e+00 -4.630411678706856549e+00 -1.360768185174429412e+01 -1.355023570699934687e+01
-1.867463855977051779e+00 -2.331935416809524320e+00 -2.466767212783672392e+00 -1.665920564475896981e+00 -8.056959999999990796e-01 -1.106428974096318285e+01
2.425110090371006000e-01 -1.054445956309937316e+00 -1.350184568206513003e+00 -1.075577444387989523e-01 1.553600000000001202e+00 -9.076005300515758378e+00
-1.888835973513683708e+00 -4.027406853746725801e+00 -2.652956486564857830e+00 -1.889299284137297530e+00 -8.056959999999990796e-01 -1.083368288800656565e+01
0.000000000000000000e+00 0.000000000000000000e+00 0.000000000000000000e+00 0.000000000000000000e+00 0.000000000000000000e+00 0.000000000000000000e+00
-8.313139146911846522e-01 2.428800000000010950e-01 -2.060761796597387452e+00 -1.087898686138319526e+00 -1.008441367069905681e+01 -3.510766936728000331e+00
1.111904947915521635e+00 3.192000000000001059e+00 -2.773327464000000742e+00 1.508489122033473295e+00 -7.698335555915601702e+00 2.085795513084250374e-01
-3.851768668818789543e+00 2.428800000000010950e-01 -3.658766443473934427e+00 -1.112669375179867082e+00 -1.004318673263999884e+01 -3.743102070767232892e+00
1.498409999999999975e+01 1.098809999056079967e+01 1.062482400000000027e+01 1.498485599999855999e+01 5.795856000000000563e+00 2.000000000000000000e+01
0.000000000000000000e+00 0.000000000000000000e+00 0.000000000000000000e+00 0.000000000000000000e+00 0.000000000000000000e+00 0.000000000000000000e+00
-4.553472276319800116e+00 -4.437050146707409048e+00 -4.621077769291771276e+00 -4.553006950979050060e+00 -1.330009466381600447e+01 -1.227941584463231983e+01
-4.577046093790872128e+00 -4.533465187166079602e+00 -4.578454113729992336e+00 -3.715019708595432402e+00 -1.349857045065449412e+01 -1.348484945771313370e+01
-4.459845998804717659e+00 -4.485242429979479084e+00 -4.470601777409153321e+00 -4.442968887282776613e+00 -1.141904592000000029e+01 -1.290820957683059511e+01
-4.493243852245378811e+00 -3.627348931113400621e+00 -4.462126965646690202e+00 -4.482105460828062604e+00 -1.118647799999999926e+01 -1.303577258286757967e+01
0.000000000000000000e+00 0.000000000000000000e+00 0.000000000000000000e+00 0.000000000000000000e+00 0.000000000000000000e+00 0.000000000000000000e+00
-4.554841823050835181e+00 -4.533124422257118979e+00 -4.585498598751540200e+00 -4.608192128171270774e+00 -1.354164789443721517e+01 -1.337097063977146583e+01
-4.185350987112987475e+00 -4.154680725933336483e+00 -4.193274659352608680e+00 -4.178228026117773553e+00 -1.288879363401473732e+01 -1.281841822695240118e+01
-4.565896290654736234e+00 -3.625613149339935504e+00 -4.494536325273497113e+00 -4.549475072691853583e+00 -1.288676278819036014e+01 -1.351441416461705458e+01
-4.576927953172738484e+00 -4.510113578881314034e+00 -4.518690614673214867e+00 -4.558612705241597673e+00 -1.249919055665279899e+01 -1.326305346504130078e+01
0.000000000000000000e+00 0.000000000000000000e+00 0.000000000000000000e+00 0.000000000000000000e+00 0.000000000000000000e+00 0.000000000000000000e+00
-4.715852488984529245e+00 -4.658740590368134704e+00 -4.687797218013832534e+00 -4.307859725716992827e+00 -1.276511110945228999e+01 -1.330624233360347830e+01
-3.853626854771290411e+00 -4.079824172532652504e+00 -3.867967437605798864e+00 -1.644556800442921407e+00 -1.278544695967857514e+01 -1.137930942866836759e+01
-3.622056557530931364e+00 -3.809157666438021561e+00 -3.549011332204800695e+00 2.428423663216654205e-01 -1.212395410944000140e+01 -1.245005569719493188e+01
-4.062098279113929955e+00 -4.157469776225381608e+00 -4.076831721629480931e+00 -1.644556802275947138e+00 -1.257006194473132865e+01 -1.304333098379285438e+01
0.000000000000000000e+00 0.000000000000000000e+00 0.000000000000000000e+00 0.000000000000000000e+00 0.000000000000000000e+00 0.000000000000000000e+00
-3.780933247589760793e+00 -3.765316569725376983e+00 -3.781331721243360366e+00 -8.334999670805487426e-01 -1.063799999999999990e+01 -1.173164111999999903e+01
-2.431016279999999696e+00 -2.359710360000000229e+00 -2.437706232000000028e+00 -2.754510465600000568e+00 -9.000000000000000000e+00 -1.136187360000000091e+01
-3.444237996480000064e+00 -3.496877021341440628e+00 -3.444237996480000064e+00 -3.508835232870087140e+00 -1.245958618528512041e+01 -1.205570534399999971e+01
-1.638000000000000345e+00 4.502448000000001116e+00 -9.999900000000000455e-01 1.498265999999999920e+01 -9.000000000000000000e+00 -1.054800000000000004e+01
